,concentration,stickiness,sparsity,mse
224,2.25,0.03,0.1,0.13842004572961195
520,3.5,0.015,0.1,0.13896102976241242
432,3.0,0.039999999999999994,0.1,0.13899145607833496
264,2.5,0.015,0.1,0.13900793691213725
448,3.25,0.01,0.1,0.13952806700605605
408,3.0,0.024999999999999998,0.1,0.13968362367653586
424,3.0,0.034999999999999996,0.1,0.14012196982343889
200,2.25,0.015,0.1,0.1405129575325691
296,2.5,0.034999999999999996,0.1,0.14098349112808645
280,2.5,0.024999999999999998,0.1,0.1412106721505163
256,2.5,0.01,0.1,0.14134776301273394
320,2.75,0.01,0.1,0.14135754329128614
480,3.25,0.03,0.1,0.14136664776305274
416,3.0,0.03,0.1,0.14168758832537054
336,2.75,0.019999999999999997,0.1,0.14211624622706648
208,2.25,0.019999999999999997,0.1,0.14254913988770482
368,2.75,0.039999999999999994,0.1,0.1426631313377974
528,3.5,0.019999999999999997,0.1,0.14275311791594977
496,3.25,0.039999999999999994,0.1,0.14424798674254374
472,3.25,0.024999999999999998,0.1,0.14462569984600177
312,2.5,0.045,0.1,0.14467694153501007
632,3.75,0.045,0.1,0.14472798662771297
440,3.0,0.045,0.1,0.14499470195025357
304,2.5,0.039999999999999994,0.1,0.14508652503952874
392,3.0,0.015,0.1,0.14540265232144267
352,2.75,0.03,0.1,0.14541405904160692
616,3.75,0.034999999999999996,0.1,0.1454406955396243
232,2.25,0.034999999999999996,0.1,0.14644967622830948
576,3.75,0.01,0.1,0.14661909410244442
488,3.25,0.034999999999999996,0.1,0.14686052136969807
568,3.5,0.045,0.1,0.14752187439545153
384,3.0,0.01,0.1,0.14756021191131988
288,2.5,0.03,0.1,0.14825855886981817
400,3.0,0.019999999999999997,0.1,0.14870752075152194
240,2.25,0.039999999999999994,0.1,0.14875604225192882
464,3.25,0.019999999999999997,0.1,0.14901951912057546
328,2.75,0.015,0.1,0.1491328391187191
592,3.75,0.019999999999999997,0.1,0.14925519463772283
504,3.25,0.045,0.1,0.14999417584101277
376,2.75,0.045,0.1,0.1502761869634579
192,2.25,0.01,0.1,0.15055973706584777
456,3.25,0.015,0.1,0.15110522846385008
536,3.5,0.024999999999999998,0.1,0.15113283911570397
560,3.5,0.039999999999999994,0.1,0.1533291480458477
600,3.75,0.024999999999999998,0.1,0.15411864103514777
272,2.5,0.019999999999999997,0.1,0.1556567771621717
584,3.75,0.015,0.1,0.15675677968875587
544,3.5,0.03,0.1,0.15761441316415822
248,2.25,0.045,0.1,0.15779809907920064
360,2.75,0.034999999999999996,0.1,0.16129010343190323
216,2.25,0.024999999999999998,0.1,0.16140031152837517
457,3.25,0.015,0.2,0.1621012896948433
473,3.25,0.024999999999999998,0.2,0.16364586836385298
512,3.5,0.01,0.1,0.16705691266148745
569,3.5,0.045,0.2,0.17107142135034017
344,2.75,0.024999999999999998,0.1,0.17115763611194043
608,3.75,0.03,0.1,0.17139127234941043
552,3.5,0.034999999999999996,0.1,0.17144556747685746
624,3.75,0.039999999999999994,0.1,0.17429481086963036
266,2.5,0.015,0.30000000000000004,0.1756139265340076
369,2.75,0.039999999999999994,0.2,0.17626690060044412
321,2.75,0.01,0.2,0.17735447955043018
537,3.5,0.024999999999999998,0.2,0.1805784251065247
633,3.75,0.045,0.2,0.1811993207568492
201,2.25,0.015,0.2,0.18200765990380105
409,3.0,0.024999999999999998,0.2,0.1821793299123434
442,3.0,0.045,0.30000000000000004,0.1846138634191924
402,3.0,0.019999999999999997,0.30000000000000004,0.18498046405304122
370,2.75,0.039999999999999994,0.30000000000000004,0.18540739839952192
585,3.75,0.015,0.2,0.1861864601156108
194,2.25,0.01,0.30000000000000004,0.1864301675624743
601,3.75,0.024999999999999998,0.2,0.18650244062018506
161,2.0,0.03,0.2,0.18684660995405225
450,3.25,0.01,0.30000000000000004,0.18689308313440847
337,2.75,0.019999999999999997,0.2,0.18772725502488208
394,3.0,0.015,0.30000000000000004,0.19032517891559386
466,3.25,0.019999999999999997,0.30000000000000004,0.19384164448200902
482,3.25,0.03,0.30000000000000004,0.19454539331930007
218,2.25,0.024999999999999998,0.30000000000000004,0.1947133800808062
505,3.25,0.045,0.2,0.19517877834815686
306,2.5,0.039999999999999994,0.30000000000000004,0.19628644129833417
497,3.25,0.039999999999999994,0.2,0.19692713056765804
354,2.75,0.03,0.30000000000000004,0.19716554494600952
577,3.75,0.01,0.2,0.1973507318863397
242,2.25,0.039999999999999994,0.30000000000000004,0.19866835717175804
425,3.0,0.034999999999999996,0.2,0.1988137562596536
290,2.5,0.03,0.30000000000000004,0.19886847299186436
434,3.0,0.039999999999999994,0.30000000000000004,0.2001635340107267
513,3.5,0.01,0.2,0.20025426894497264
386,3.0,0.01,0.30000000000000004,0.20047498946419423
330,2.75,0.015,0.30000000000000004,0.20154774450037125
225,2.25,0.03,0.2,0.20235896152095542
298,2.5,0.034999999999999996,0.30000000000000004,0.2025224461190169
305,2.5,0.039999999999999994,0.2,0.20300803380812368
385,3.0,0.01,0.2,0.20354855009424125
233,2.25,0.034999999999999996,0.2,0.20385222599934102
346,2.75,0.024999999999999998,0.30000000000000004,0.20387064904789148
257,2.5,0.01,0.2,0.20454256835565904
465,3.25,0.019999999999999997,0.2,0.2049501733365896
249,2.25,0.045,0.2,0.20497278509395167
401,3.0,0.019999999999999997,0.2,0.20520826553311536
361,2.75,0.034999999999999996,0.2,0.2057730075636726
449,3.25,0.01,0.2,0.20591534787828528
529,3.5,0.019999999999999997,0.2,0.20624001090264826
593,3.75,0.019999999999999997,0.2,0.20649680199553266
378,2.75,0.045,0.30000000000000004,0.20664174989439402
353,2.75,0.03,0.2,0.2067488559958992
217,2.25,0.024999999999999998,0.2,0.20796111351734026
362,2.75,0.034999999999999996,0.30000000000000004,0.20864241901484998
210,2.25,0.019999999999999997,0.30000000000000004,0.20889546987514135
329,2.75,0.015,0.2,0.20958059840782758
498,3.25,0.039999999999999994,0.30000000000000004,0.20976313736972954
506,3.25,0.045,0.30000000000000004,0.21022830972824105
617,3.75,0.034999999999999996,0.2,0.21030084086921658
553,3.5,0.034999999999999996,0.2,0.21097696442451785
322,2.75,0.01,0.30000000000000004,0.21242535065654392
561,3.5,0.039999999999999994,0.2,0.21251209819278474
609,3.75,0.03,0.2,0.21283064197570747
250,2.25,0.045,0.30000000000000004,0.2149399921710841
50,1.5,0.039999999999999994,0.30000000000000004,0.21624140096208017
417,3.0,0.03,0.2,0.2162459258050024
273,2.5,0.019999999999999997,0.2,0.21661960643663888
10,1.5,0.015,0.30000000000000004,0.21694242112922887
623,3.75,0.034999999999999996,0.8,0.21780498607967044
345,2.75,0.024999999999999998,0.2,0.21800648296197536
209,2.25,0.019999999999999997,0.2,0.21826824945011813
481,3.25,0.03,0.2,0.2187929850382844
489,3.25,0.034999999999999996,0.2,0.21883018837552645
418,3.0,0.03,0.30000000000000004,0.2194063149063318
521,3.5,0.015,0.2,0.21945955908919068
458,3.25,0.015,0.30000000000000004,0.21954685187264908
314,2.5,0.045,0.30000000000000004,0.21960941796857522
391,3.0,0.01,0.8,0.2199882664769669
415,3.0,0.024999999999999998,0.8,0.2201032028061686
247,2.25,0.039999999999999994,0.8,0.22014892162798325
407,3.0,0.019999999999999997,0.8,0.2205554047952134
615,3.75,0.03,0.8,0.2210992686731382
559,3.5,0.034999999999999996,0.8,0.22125693838623484
287,2.5,0.024999999999999998,0.8,0.2214191419770283
65,1.75,0.01,0.2,0.221435720635904
281,2.5,0.024999999999999998,0.2,0.22154590246838743
295,2.5,0.03,0.8,0.22182332880704478
327,2.75,0.01,0.8,0.22184139880815706
351,2.75,0.024999999999999998,0.8,0.22204120103041888
495,3.25,0.034999999999999996,0.8,0.2220558051363166
487,3.25,0.03,0.8,0.22211872573975044
186,2.0,0.045,0.30000000000000004,0.22215910930493302
630,3.75,0.039999999999999994,0.7000000000000001,0.22216796176800813
583,3.75,0.01,0.8,0.22234599892812962
19,1.5,0.019999999999999997,0.4,0.2224651777032561
319,2.5,0.045,0.8,0.22251920600356875
575,3.5,0.045,0.8,0.2227737566842859
431,3.0,0.034999999999999996,0.8,0.22285853420415325
591,3.75,0.015,0.8,0.22286841579062183
279,2.5,0.019999999999999997,0.8,0.22300476628240304
383,2.75,0.045,0.8,0.2230704920722826
223,2.25,0.024999999999999998,0.8,0.22310585765768468
193,2.25,0.01,0.2,0.22315445471297718
543,3.5,0.024999999999999998,0.8,0.22325298704480423
607,3.75,0.024999999999999998,0.8,0.2232742268920223
207,2.25,0.015,0.8,0.2234405716392917
511,3.25,0.045,0.8,0.2234534258184534
367,2.75,0.034999999999999996,0.8,0.2234927855769316
631,3.75,0.039999999999999994,0.8,0.22354277445193457
343,2.75,0.019999999999999997,0.8,0.22362687831596267
599,3.75,0.019999999999999997,0.8,0.22369348018451632
551,3.5,0.03,0.8,0.22372915838431914
146,2.0,0.019999999999999997,0.30000000000000004,0.22374817085154328
263,2.5,0.01,0.8,0.22378281915007314
463,3.25,0.015,0.8,0.22382223549054095
479,3.25,0.024999999999999998,0.8,0.22406557686253423
375,2.75,0.039999999999999994,0.8,0.22420194356264336
231,2.25,0.03,0.8,0.2242229500592547
535,3.5,0.019999999999999997,0.8,0.22425524759490828
399,3.0,0.015,0.8,0.22425953078248473
519,3.5,0.01,0.8,0.2242919459048002
447,3.0,0.045,0.8,0.22432567144473378
433,3.0,0.039999999999999994,0.2,0.22437752606454509
239,2.25,0.034999999999999996,0.8,0.224409062086226
567,3.5,0.039999999999999994,0.8,0.22443239246964677
455,3.25,0.01,0.8,0.22447790875304258
338,2.75,0.019999999999999997,0.30000000000000004,0.22458657172532923
359,2.75,0.03,0.8,0.2246126064278333
271,2.5,0.015,0.8,0.22461522245679583
639,3.75,0.045,0.8,0.22466743679384407
423,3.0,0.03,0.8,0.22471355701026866
48,1.5,0.039999999999999994,0.1,0.22473029914844378
199,2.25,0.01,0.8,0.22480740440846894
255,2.25,0.045,0.8,0.2249916696869325
303,2.5,0.034999999999999996,0.8,0.22500180177528883
265,2.5,0.015,0.2,0.2250931979266938
145,2.0,0.019999999999999997,0.2,0.22526361309990708
503,3.25,0.039999999999999994,0.8,0.22527837067443973
426,3.0,0.034999999999999996,0.30000000000000004,0.22535830605289658
311,2.5,0.039999999999999994,0.8,0.22558193499271575
215,2.25,0.019999999999999997,0.8,0.2257690296186819
625,3.75,0.039999999999999994,0.2,0.2258380700022364
471,3.25,0.019999999999999997,0.8,0.22586732657149533
527,3.5,0.015,0.8,0.22626322072783156
439,3.0,0.039999999999999994,0.8,0.2263542782218648
334,2.75,0.015,0.7000000000000001,0.22705357235406956
335,2.75,0.015,0.8,0.22706600250646655
494,3.25,0.034999999999999996,0.7000000000000001,0.2274269656608331
438,3.0,0.039999999999999994,0.7000000000000001,0.2275982904407541
393,3.0,0.015,0.2,0.22772728880550872
534,3.5,0.019999999999999997,0.7000000000000001,0.22774404934713058
590,3.75,0.015,0.7000000000000001,0.2278025569135308
550,3.5,0.03,0.7000000000000001,0.22783756105152578
57,1.5,0.045,0.2,0.2279130716726351
66,1.75,0.01,0.30000000000000004,0.22822550072082848
490,3.25,0.034999999999999996,0.30000000000000004,0.22844019684039318
374,2.75,0.039999999999999994,0.7000000000000001,0.22857052664834435
441,3.0,0.045,0.2,0.22866091423354676
282,2.5,0.024999999999999998,0.30000000000000004,0.22891981247373963
236,2.25,0.034999999999999996,0.5,0.22914000600734774
518,3.5,0.01,0.7000000000000001,0.2292308143893986
350,2.75,0.024999999999999998,0.7000000000000001,0.22931536013330145
422,3.0,0.03,0.7000000000000001,0.2293439625820312
254,2.25,0.045,0.7000000000000001,0.22936061144967596
286,2.5,0.024999999999999998,0.7000000000000001,0.22939977632990136
342,2.75,0.019999999999999997,0.7000000000000001,0.22944333003905557
214,2.25,0.019999999999999997,0.7000000000000001,0.2294581630294829
278,2.5,0.019999999999999997,0.7000000000000001,0.22951376190001366
206,2.25,0.015,0.7000000000000001,0.22962720257707928
313,2.5,0.045,0.2,0.22966161966085782
358,2.75,0.03,0.7000000000000001,0.22972326357036268
398,3.0,0.015,0.7000000000000001,0.2297812168789525
486,3.25,0.03,0.7000000000000001,0.2298953456010434
230,2.25,0.03,0.7000000000000001,0.22991624623648158
638,3.75,0.045,0.7000000000000001,0.22992570628012493
270,2.5,0.015,0.7000000000000001,0.22998155762637387
366,2.75,0.034999999999999996,0.7000000000000001,0.22998821411447515
297,2.5,0.034999999999999996,0.2,0.23006604812481904
470,3.25,0.019999999999999997,0.7000000000000001,0.23026668071453266
294,2.5,0.03,0.7000000000000001,0.23032294473330545
454,3.25,0.01,0.7000000000000001,0.23033248573590445
622,3.75,0.034999999999999996,0.7000000000000001,0.2303820508123895
574,3.5,0.045,0.7000000000000001,0.23041738552585656
222,2.25,0.024999999999999998,0.7000000000000001,0.23043044927820255
614,3.75,0.03,0.7000000000000001,0.23049542159945918
406,3.0,0.019999999999999997,0.7000000000000001,0.23060889843069732
446,3.0,0.045,0.7000000000000001,0.23068936544405813
598,3.75,0.019999999999999997,0.7000000000000001,0.23076189009796771
502,3.25,0.039999999999999994,0.7000000000000001,0.23086730261480176
246,2.25,0.039999999999999994,0.7000000000000001,0.23094976621464142
274,2.5,0.019999999999999997,0.30000000000000004,0.23104694515481383
566,3.5,0.039999999999999994,0.7000000000000001,0.23116012924674464
478,3.25,0.024999999999999998,0.7000000000000001,0.23119222046015467
310,2.5,0.039999999999999994,0.7000000000000001,0.23122426504427246
202,2.25,0.015,0.30000000000000004,0.23133118471401407
262,2.5,0.01,0.7000000000000001,0.23141284979263624
582,3.75,0.01,0.7000000000000001,0.23145319859216903
390,3.0,0.01,0.7000000000000001,0.23170689660230906
462,3.25,0.015,0.7000000000000001,0.23173694033712913
326,2.75,0.01,0.7000000000000001,0.23209979560614896
198,2.25,0.01,0.7000000000000001,0.23228224391414024
382,2.75,0.045,0.7000000000000001,0.23236373983937203
542,3.5,0.024999999999999998,0.7000000000000001,0.23247230770147864
526,3.5,0.015,0.7000000000000001,0.2328114948472342
558,3.5,0.034999999999999996,0.7000000000000001,0.23307863222285166
318,2.5,0.045,0.7000000000000001,0.2331948114590096
510,3.25,0.045,0.7000000000000001,0.23353653177423467
302,2.5,0.034999999999999996,0.7000000000000001,0.23358216732880918
430,3.0,0.034999999999999996,0.7000000000000001,0.23361700762295792
238,2.25,0.034999999999999996,0.7000000000000001,0.23363852805955118
606,3.75,0.024999999999999998,0.7000000000000001,0.233766346200307
414,3.0,0.024999999999999998,0.7000000000000001,0.23377159923013133
72,1.75,0.015,0.1,0.2338577897559208
269,2.5,0.015,0.6,0.23451839074002478
112,1.75,0.039999999999999994,0.1,0.23468355389042428
98,1.75,0.03,0.30000000000000004,0.23549797932959582
241,2.25,0.039999999999999994,0.2,0.23554587090628876
226,2.25,0.03,0.30000000000000004,0.2356279119164271
474,3.25,0.024999999999999998,0.30000000000000004,0.23571242642053028
541,3.5,0.024999999999999998,0.6,0.23625506425908627
493,3.25,0.034999999999999996,0.6,0.2365116318937479
357,2.75,0.03,0.6,0.23658725536070818
549,3.5,0.03,0.6,0.23666892380754942
421,3.0,0.03,0.6,0.2367062993862682
573,3.5,0.045,0.6,0.23671479280677551
258,2.5,0.01,0.30000000000000004,0.23675823776320737
178,2.0,0.039999999999999994,0.30000000000000004,0.23695825353173594
160,2.0,0.03,0.1,0.23770038401624888
629,3.75,0.039999999999999994,0.6,0.23791428019846542
277,2.5,0.019999999999999997,0.6,0.23804203453004416
285,2.5,0.024999999999999998,0.6,0.23807153583698468
341,2.75,0.019999999999999997,0.6,0.23808740229008493
509,3.25,0.045,0.6,0.23811185271676882
477,3.25,0.024999999999999998,0.6,0.23830671229181566
121,1.75,0.045,0.2,0.23838964335727564
397,3.0,0.015,0.6,0.23843043916361195
301,2.5,0.034999999999999996,0.6,0.2384792895253669
309,2.5,0.039999999999999994,0.6,0.23851397436164073
413,3.0,0.024999999999999998,0.6,0.23863348753170036
373,2.75,0.039999999999999994,0.6,0.23868907042120738
621,3.75,0.034999999999999996,0.6,0.2387982322053712
234,2.25,0.034999999999999996,0.30000000000000004,0.23885420289751827
349,2.75,0.024999999999999998,0.6,0.23885756599633923
485,3.25,0.03,0.6,0.23892873765026906
597,3.75,0.019999999999999997,0.6,0.23893384975053716
613,3.75,0.03,0.6,0.2389350381387429
261,2.5,0.01,0.6,0.2390515684662044
437,3.0,0.039999999999999994,0.6,0.23908340902214342
317,2.5,0.045,0.6,0.2392498313876671
26,1.5,0.024999999999999998,0.30000000000000004,0.23926931600317963
405,3.0,0.019999999999999997,0.6,0.23932409605232638
365,2.75,0.034999999999999996,0.6,0.23933405388921883
49,1.5,0.039999999999999994,0.2,0.23938926115721465
501,3.25,0.039999999999999994,0.6,0.23954613804526012
105,1.75,0.034999999999999996,0.2,0.23958324158572392
331,2.75,0.015,0.4,0.23972454566819565
293,2.5,0.03,0.6,0.2399903399537687
333,2.75,0.015,0.6,0.2400984633611031
325,2.75,0.01,0.6,0.24040122088192767
533,3.5,0.019999999999999997,0.6,0.24044299295707802
389,3.0,0.01,0.6,0.2405370683447859
177,2.0,0.039999999999999994,0.2,0.24111530487347604
469,3.25,0.019999999999999997,0.6,0.24120344044364195
581,3.75,0.01,0.6,0.24126810635732834
82,1.75,0.019999999999999997,0.30000000000000004,0.24131826369984893
589,3.75,0.015,0.6,0.24133940273095575
565,3.5,0.039999999999999994,0.6,0.24169688656481775
557,3.5,0.034999999999999996,0.6,0.2419604905199615
445,3.0,0.045,0.6,0.24202773703337876
453,3.25,0.01,0.6,0.24203890387811222
605,3.75,0.024999999999999998,0.6,0.2420992916365794
461,3.25,0.015,0.6,0.2423770082285827
525,3.5,0.015,0.6,0.24247929372349006
129,2.0,0.01,0.2,0.24277960953516764
381,2.75,0.045,0.6,0.24340970275742188
468,3.25,0.019999999999999997,0.5,0.2435178629284646
307,2.5,0.039999999999999994,0.4,0.24374844889082353
332,2.75,0.015,0.5,0.24392468054696612
429,3.0,0.034999999999999996,0.6,0.2440402023379434
637,3.75,0.045,0.6,0.2441474005440275
556,3.5,0.034999999999999996,0.5,0.24424661397270142
517,3.5,0.01,0.6,0.24451422496611655
148,2.0,0.019999999999999997,0.5,0.24452029088859167
364,2.75,0.034999999999999996,0.5,0.24459732875992027
524,3.5,0.015,0.5,0.24510647206532557
452,3.25,0.01,0.5,0.24531339313200415
476,3.25,0.024999999999999998,0.5,0.24552286630313025
548,3.5,0.03,0.5,0.2459989047778456
16,1.5,0.019999999999999997,0.1,0.24641302306832508
492,3.25,0.034999999999999996,0.5,0.24655956647176616
420,3.0,0.03,0.5,0.24700101788451342
444,3.0,0.045,0.5,0.24708810041826124
130,2.0,0.01,0.30000000000000004,0.2470937413135045
164,2.0,0.03,0.5,0.24716271875928478
114,1.75,0.039999999999999994,0.30000000000000004,0.24744700438459113
37,1.5,0.03,0.6,0.24751158675359577
636,3.75,0.045,0.5,0.247617409027921
283,2.5,0.024999999999999998,0.4,0.2478428073701221
612,3.75,0.03,0.5,0.24825213568959603
380,2.75,0.045,0.5,0.24855256098775608
410,3.0,0.024999999999999998,0.30000000000000004,0.24865875169459176
436,3.0,0.039999999999999994,0.5,0.2487828878919072
404,3.0,0.019999999999999997,0.5,0.24888570841989646
428,3.0,0.034999999999999996,0.5,0.24898792645366208
628,3.75,0.039999999999999994,0.5,0.24899328050469308
507,3.25,0.045,0.4,0.24902411497881477
572,3.5,0.045,0.5,0.24907831211836295
176,2.0,0.039999999999999994,0.1,0.24975505056845237
316,2.5,0.045,0.5,0.24975889210856608
604,3.75,0.024999999999999998,0.5,0.24978210121777886
356,2.75,0.03,0.5,0.24991084239325495
460,3.25,0.015,0.5,0.25045082650663336
516,3.5,0.01,0.5,0.25045495382218236
620,3.75,0.034999999999999996,0.5,0.2504920549430116
532,3.5,0.019999999999999997,0.5,0.25051553224719425
144,2.0,0.019999999999999997,0.1,0.25072977043901085
323,2.75,0.01,0.4,0.25077953360841787
25,1.5,0.024999999999999998,0.2,0.2507895339049321
128,2.0,0.01,0.1,0.25128998268462605
32,1.5,0.03,0.1,0.25140270603427844
89,1.75,0.024999999999999998,0.2,0.2514767296764897
348,2.75,0.024999999999999998,0.5,0.2515852345164866
0,1.5,0.01,0.1,0.25163833522709456
396,3.0,0.015,0.5,0.25166306482578926
235,2.25,0.034999999999999996,0.4,0.25166365590180545
588,3.75,0.015,0.5,0.2517073210888831
252,2.25,0.045,0.5,0.25185369400802343
580,3.75,0.01,0.5,0.2518734591723608
179,2.0,0.039999999999999994,0.4,0.2520437945143555
9,1.5,0.015,0.2,0.2521615607300447
540,3.5,0.024999999999999998,0.5,0.25216439123999496
596,3.75,0.019999999999999997,0.5,0.252545882384652
545,3.5,0.03,0.2,0.2525851121159199
388,3.0,0.01,0.5,0.25262809017508353
372,2.75,0.039999999999999994,0.5,0.2527730201609921
340,2.75,0.019999999999999997,0.5,0.2527773364090791
324,2.75,0.01,0.5,0.2529496318825175
500,3.25,0.039999999999999994,0.5,0.25342579253744013
377,2.75,0.045,0.2,0.2538090056601906
499,3.25,0.039999999999999994,0.4,0.2538664363552619
564,3.5,0.039999999999999994,0.5,0.25393084993782394
412,3.0,0.024999999999999998,0.5,0.2540117913453778
80,1.75,0.019999999999999997,0.1,0.25428629226216126
41,1.5,0.034999999999999996,0.2,0.2547443575938695
132,2.0,0.01,0.5,0.25503544649881504
237,2.25,0.034999999999999996,0.6,0.25533861847489464
139,2.0,0.015,0.4,0.2553836820701017
64,1.75,0.01,0.1,0.2555148624674739
125,1.75,0.045,0.6,0.255608947814111
508,3.25,0.045,0.5,0.25593614641040136
213,2.25,0.019999999999999997,0.6,0.2559459059940511
53,1.5,0.039999999999999994,0.6,0.2559899368537854
181,2.0,0.039999999999999994,0.6,0.2561644473798047
451,3.25,0.01,0.4,0.2562433958485721
571,3.5,0.045,0.4,0.2562616388189457
484,3.25,0.03,0.5,0.25686864148437505
467,3.25,0.019999999999999997,0.4,0.25697103413959627
523,3.5,0.015,0.4,0.2575590267952455
137,2.0,0.015,0.2,0.25764730110251105
77,1.75,0.015,0.6,0.25788138504340624
427,3.0,0.034999999999999996,0.4,0.2579327958439716
253,2.25,0.045,0.6,0.25807934044861425
122,1.75,0.045,0.30000000000000004,0.25808250671976163
33,1.5,0.03,0.2,0.25810156306513293
189,2.0,0.045,0.6,0.25840677685337654
100,1.75,0.03,0.5,0.25840787453446973
184,2.0,0.045,0.1,0.25844754568072625
74,1.75,0.015,0.30000000000000004,0.25848876277545507
102,1.75,0.03,0.7000000000000001,0.25861188369724114
259,2.5,0.01,0.4,0.2587688011611729
291,2.5,0.03,0.4,0.2589433588535385
483,3.25,0.03,0.4,0.2590699936412299
459,3.25,0.015,0.4,0.25930891405309153
635,3.75,0.045,0.4,0.2593872797455359
91,1.75,0.024999999999999998,0.4,0.2596553750384534
81,1.75,0.019999999999999997,0.2,0.26000727010579155
563,3.5,0.039999999999999994,0.4,0.2600866150049203
182,2.0,0.039999999999999994,0.7000000000000001,0.26013287703673593
205,2.25,0.015,0.6,0.26050303515096174
443,3.0,0.045,0.4,0.2607459103873463
531,3.5,0.019999999999999997,0.4,0.26091489990654243
491,3.25,0.034999999999999996,0.4,0.2612262042175264
595,3.75,0.019999999999999997,0.4,0.26127975568430656
45,1.5,0.034999999999999996,0.6,0.26129987398155136
153,2.0,0.024999999999999998,0.2,0.26139915451077234
284,2.5,0.024999999999999998,0.5,0.2618913169502596
579,3.75,0.01,0.4,0.2619049263939842
515,3.5,0.01,0.4,0.26200816972818197
435,3.0,0.039999999999999994,0.4,0.2624332202649214
379,2.75,0.045,0.4,0.26270262473877254
173,2.0,0.034999999999999996,0.6,0.2630356416345841
339,2.75,0.019999999999999997,0.4,0.26320391474556243
475,3.25,0.024999999999999998,0.4,0.2633051836505813
587,3.75,0.015,0.4,0.2633201474285835
403,3.0,0.019999999999999997,0.4,0.26334399903502015
611,3.75,0.03,0.4,0.2633919121621542
6,1.5,0.01,0.7000000000000001,0.2635805756740396
43,1.5,0.034999999999999996,0.4,0.2636517497511119
244,2.25,0.039999999999999994,0.5,0.26368527225821337
123,1.75,0.045,0.4,0.26375580534901266
619,3.75,0.034999999999999996,0.4,0.2637621979707731
419,3.0,0.03,0.4,0.26407876688576004
170,2.0,0.034999999999999996,0.30000000000000004,0.2641385665958033
411,3.0,0.024999999999999998,0.4,0.2642090886781841
539,3.5,0.024999999999999998,0.4,0.2645456153178636
547,3.5,0.03,0.4,0.26461821256355245
387,3.0,0.01,0.4,0.26472178320359296
555,3.5,0.034999999999999996,0.4,0.2648571306445233
150,2.0,0.019999999999999997,0.7000000000000001,0.26496227363863445
187,2.0,0.045,0.4,0.26499991829333874
627,3.75,0.039999999999999994,0.4,0.26534280969340884
299,2.5,0.034999999999999996,0.4,0.26564806238706706
251,2.25,0.045,0.4,0.2658823851391333
603,3.75,0.024999999999999998,0.4,0.2660419888673591
395,3.0,0.015,0.4,0.26608928003860166
2,1.5,0.01,0.30000000000000004,0.2661754227951084
308,2.5,0.039999999999999994,0.5,0.2662573115518909
172,2.0,0.034999999999999996,0.5,0.26634562286381624
171,2.0,0.034999999999999996,0.4,0.2665592557773168
8,1.5,0.015,0.1,0.26752460850821685
586,3.75,0.015,0.30000000000000004,0.26764379337598454
92,1.75,0.024999999999999998,0.5,0.26827967179198114
355,2.75,0.03,0.4,0.2683320838442133
96,1.75,0.03,0.1,0.26868218957349543
162,2.0,0.03,0.30000000000000004,0.26912003556413333
514,3.5,0.01,0.30000000000000004,0.26952123629633057
13,1.5,0.015,0.6,0.27035320983880157
227,2.25,0.03,0.4,0.2703934329291132
115,1.75,0.039999999999999994,0.4,0.27052682385533955
1,1.5,0.01,0.2,0.27105064230701176
14,1.5,0.015,0.7000000000000001,0.271431908178179
166,2.0,0.03,0.7000000000000001,0.2714863313312061
58,1.5,0.045,0.30000000000000004,0.2714866520340088
163,2.0,0.03,0.4,0.27156437612329287
185,2.0,0.045,0.2,0.2718409901613086
554,3.5,0.034999999999999996,0.30000000000000004,0.27214363098617417
28,1.5,0.024999999999999998,0.5,0.2721966252074239
203,2.25,0.015,0.4,0.27267202470499297
138,2.0,0.015,0.30000000000000004,0.2727914518155015
538,3.5,0.024999999999999998,0.30000000000000004,0.27319614924137514
59,1.5,0.045,0.4,0.2733793581929129
18,1.5,0.019999999999999997,0.30000000000000004,0.2734256592533891
104,1.75,0.034999999999999996,0.1,0.27350195459845067
618,3.75,0.034999999999999996,0.30000000000000004,0.2743160423163038
634,3.75,0.045,0.30000000000000004,0.27453392874981575
106,1.75,0.034999999999999996,0.30000000000000004,0.2748661568457597
315,2.5,0.045,0.4,0.2751515690656455
292,2.5,0.03,0.5,0.27550785930940286
38,1.5,0.03,0.7000000000000001,0.27556542315457516
602,3.75,0.024999999999999998,0.30000000000000004,0.2757996294066594
530,3.5,0.019999999999999997,0.30000000000000004,0.27615289791289566
522,3.5,0.015,0.30000000000000004,0.27638904823068594
594,3.75,0.019999999999999997,0.30000000000000004,0.27656762871339824
578,3.75,0.01,0.30000000000000004,0.27683950788738804
27,1.5,0.024999999999999998,0.4,0.27712029466103283
20,1.5,0.019999999999999997,0.5,0.2772028627272111
76,1.75,0.015,0.5,0.27723062768075235
83,1.75,0.019999999999999997,0.4,0.2773991470932984
101,1.75,0.03,0.6,0.2775163247514979
546,3.5,0.03,0.30000000000000004,0.27779186494461255
626,3.75,0.039999999999999994,0.30000000000000004,0.2780145357900552
570,3.5,0.045,0.30000000000000004,0.2784668322315023
180,2.0,0.039999999999999994,0.5,0.2787170737600485
17,1.5,0.019999999999999997,0.2,0.2787318455061567
610,3.75,0.03,0.30000000000000004,0.2792176009019126
300,2.5,0.034999999999999996,0.5,0.27925926168416404
562,3.5,0.039999999999999994,0.30000000000000004,0.27961448691418495
34,1.5,0.03,0.30000000000000004,0.27971241429162147
4,1.5,0.01,0.5,0.2802458019003232
11,1.5,0.015,0.4,0.28041259187328493
108,1.75,0.034999999999999996,0.5,0.2805100900539868
40,1.5,0.034999999999999996,0.1,0.2808776400115983
51,1.5,0.039999999999999994,0.4,0.28107576650512067
90,1.75,0.024999999999999998,0.30000000000000004,0.28116333551537204
347,2.75,0.024999999999999998,0.4,0.28118182895200583
154,2.0,0.024999999999999998,0.30000000000000004,0.28151235882448516
113,1.75,0.039999999999999994,0.2,0.28242429091474774
67,1.75,0.01,0.4,0.28308901014229415
155,2.0,0.024999999999999998,0.4,0.28337191124504746
152,2.0,0.024999999999999998,0.1,0.28382599633324235
94,1.75,0.024999999999999998,0.7000000000000001,0.2844087265836035
228,2.25,0.03,0.5,0.2845281321003011
190,2.0,0.045,0.7000000000000001,0.2845331426689201
131,2.0,0.01,0.4,0.28504989998988634
73,1.75,0.015,0.2,0.2855026057205485
117,1.75,0.039999999999999994,0.6,0.2855685927497714
195,2.25,0.01,0.4,0.2858679634360999
157,2.0,0.024999999999999998,0.6,0.2860562824108123
268,2.5,0.015,0.5,0.28605809810022553
219,2.25,0.024999999999999998,0.4,0.28662430090323915
75,1.75,0.015,0.4,0.28764559630718634
116,1.75,0.039999999999999994,0.5,0.2878682717055662
275,2.5,0.019999999999999997,0.4,0.2882084998193527
120,1.75,0.045,0.1,0.2888256550384256
168,2.0,0.034999999999999996,0.1,0.2888508753754719
88,1.75,0.024999999999999998,0.1,0.2891942413246103
136,2.0,0.015,0.1,0.2896817597099457
149,2.0,0.019999999999999997,0.6,0.28997644367332803
196,2.25,0.01,0.5,0.2899937864512486
276,2.5,0.019999999999999997,0.5,0.29000610937557575
12,1.5,0.015,0.5,0.29017586801280243
147,2.0,0.019999999999999997,0.4,0.29021113231144696
245,2.25,0.039999999999999994,0.6,0.2906469813561741
197,2.25,0.01,0.6,0.2907162581416136
99,1.75,0.03,0.4,0.29080422090726066
142,2.0,0.015,0.7000000000000001,0.29081659100520485
174,2.0,0.034999999999999996,0.7000000000000001,0.29111017169089043
204,2.25,0.015,0.5,0.2915956229445244
93,1.75,0.024999999999999998,0.6,0.2917045396389778
68,1.75,0.01,0.5,0.29179702393735873
289,2.5,0.03,0.2,0.2918302407924304
42,1.5,0.034999999999999996,0.30000000000000004,0.29207607314113093
221,2.25,0.024999999999999998,0.6,0.2921748348056907
260,2.5,0.01,0.5,0.29263528065061784
158,2.0,0.024999999999999998,0.7000000000000001,0.2931609302639347
229,2.25,0.03,0.6,0.2938526349781105
220,2.25,0.024999999999999998,0.5,0.2940094156655112
109,1.75,0.034999999999999996,0.6,0.29421043012472486
61,1.5,0.045,0.6,0.2948972941242545
118,1.75,0.039999999999999994,0.7000000000000001,0.295131990714282
134,2.0,0.01,0.7000000000000001,0.29562110285822185
60,1.5,0.045,0.5,0.29565417514566356
212,2.25,0.019999999999999997,0.5,0.29645512351452025
267,2.5,0.015,0.4,0.29679957767426574
22,1.5,0.019999999999999997,0.7000000000000001,0.2975425067970153
21,1.5,0.019999999999999997,0.6,0.2984611363088894
29,1.5,0.024999999999999998,0.6,0.29876738643101786
133,2.0,0.01,0.6,0.2990357627667798
86,1.75,0.019999999999999997,0.7000000000000001,0.2993756704536149
211,2.25,0.019999999999999997,0.4,0.2994791457945073
36,1.5,0.03,0.5,0.29995970453915544
5,1.5,0.01,0.6,0.30011390768632557
46,1.5,0.034999999999999996,0.7000000000000001,0.30024258101109963
3,1.5,0.01,0.4,0.3003064982958746
191,2.0,0.045,0.8,0.3007464064639582
69,1.75,0.01,0.6,0.3025101972027607
84,1.75,0.019999999999999997,0.5,0.30279580179753857
126,1.75,0.045,0.7000000000000001,0.302819265380813
165,2.0,0.03,0.6,0.302908773919342
363,2.75,0.034999999999999996,0.4,0.30351386919461726
30,1.5,0.024999999999999998,0.7000000000000001,0.3035920858060457
54,1.5,0.039999999999999994,0.7000000000000001,0.30382035682458847
169,2.0,0.034999999999999996,0.2,0.30407453319800737
111,1.75,0.034999999999999996,0.8,0.3048203414360881
24,1.5,0.024999999999999998,0.1,0.30503195332786665
140,2.0,0.015,0.5,0.3051988291960181
371,2.75,0.039999999999999994,0.4,0.30533394543668413
107,1.75,0.034999999999999996,0.4,0.30550104341134393
62,1.5,0.045,0.7000000000000001,0.3058342435220594
151,2.0,0.019999999999999997,0.8,0.30604669712632293
23,1.5,0.019999999999999997,0.8,0.3061229677681812
243,2.25,0.039999999999999994,0.4,0.30617472019727254
47,1.5,0.034999999999999996,0.8,0.3067525242878491
159,2.0,0.024999999999999998,0.8,0.30690226388735664
85,1.75,0.019999999999999997,0.6,0.30697135052883917
119,1.75,0.039999999999999994,0.8,0.3070089586765102
183,2.0,0.039999999999999994,0.8,0.3072505083930139
52,1.5,0.039999999999999994,0.5,0.3078500820982222
95,1.75,0.024999999999999998,0.8,0.30830924157111284
156,2.0,0.024999999999999998,0.5,0.30878274546824147
31,1.5,0.024999999999999998,0.8,0.30907100468570164
44,1.5,0.034999999999999996,0.5,0.30982513308295806
56,1.5,0.045,0.1,0.3099033834776002
175,2.0,0.034999999999999996,0.8,0.3100251798303637
141,2.0,0.015,0.6,0.3107181635223576
7,1.5,0.01,0.8,0.3109091225570841
35,1.5,0.03,0.4,0.31169886479458037
127,1.75,0.045,0.8,0.3122374269152169
167,2.0,0.03,0.8,0.3132536580930043
103,1.75,0.03,0.8,0.3132878607946274
143,2.0,0.015,0.8,0.3139714444850178
70,1.75,0.01,0.7000000000000001,0.3139746049848115
124,1.75,0.045,0.5,0.314630700142356
63,1.5,0.045,0.8,0.31565328667977965
39,1.5,0.03,0.8,0.3160437841401242
188,2.0,0.045,0.5,0.31674468992653376
78,1.75,0.015,0.7000000000000001,0.31758444797282226
15,1.5,0.015,0.8,0.31840104725636664
135,2.0,0.01,0.8,0.3193137971463301
71,1.75,0.01,0.8,0.3193875063977492
97,1.75,0.03,0.2,0.3199678928899272
87,1.75,0.019999999999999997,0.8,0.3202795651692279
110,1.75,0.034999999999999996,0.7000000000000001,0.32299647193315406
55,1.5,0.039999999999999994,0.8,0.3248707626275325
79,1.75,0.015,0.8,0.3250396706598607
